Altium Designer Pick and Place Locations
C:\ADTmp\Snapshot\2\Assembly internal\d019762_35_s21_v0301_ek-ra8d2_mp_pnp_internal_mp.txt

========================================================================================================================
File Design Information:

Date:       11.06.25
Time:       12:33
Revision:   Not in VersionControl
Variant:    internal
Units used: mm

Designator Layer       Center-X(mm) Center-Y(mm) Ref-X(mm) Ref-Y(mm) Rotation 
R140       TopLayer    62.9000      114.8000     62.9000   114.8000  90       
C85        TopLayer    42.3000      91.8000      42.3000   91.8000   0        
C84        TopLayer    42.6000      94.8000      42.6000   94.8000   0        
ACS8       TopLayer    79.0000      187.0000     79.0000   187.0000  0        
ACS7       TopLayer    5.0000       187.0000     5.0000    187.0000  0        
ACS6       TopLayer    5.0000       3.0000       5.0000    3.0000    0        
ACS5       TopLayer    79.0000      3.0000       79.0000   3.0000    0        
ACS4       TopLayer    -54.0470     -33.4130     79.0000   187.0000  0        
ACS3       TopLayer    -54.0470     -33.4130     5.0000    187.0000  0        
ACS2       TopLayer    -54.0470     -33.4130     5.0000    3.0000    0        
ACS1       TopLayer    -54.0470     -33.4130     79.0000   3.0000    0        
MIC2       BottomLayer 31.7501      82.3390      31.7500   82.0000   180      
MIC1       BottomLayer 51.7501      82.3390      51.7500   82.0000   180      
R139       TopLayer    46.1250      97.3500      46.1250   97.3500   90       
E62        BottomLayer 22.1000      184.9000     22.1000   184.9000  0        
E61        BottomLayer 12.9000      110.7000     12.9000   110.7000  90       
E60        BottomLayer 12.9000      121.3000     12.9000   121.3000  90       
E59        BottomLayer 74.1000      126.7000     74.1000   126.7000  270      
RA24       BottomLayer 27.7000      46.3000      27.7000   46.3000   180      
RA23       BottomLayer 31.1000      46.2000      31.1000   46.2000   0        
RA22       BottomLayer 29.3000      43.7000      29.3000   43.7000   0        
C83        TopLayer    27.8000      47.9000      27.8000   47.9000   180      
J35        BottomLayer 16.5750      33.5100      15.5000   33.5100   90       
D16        BottomLayer 35.1500      24.6750      35.1500   24.6750   0        
SW4        TopLayer    35.4360      94.1000      35.4360   94.1000   0        
SW2        TopLayer    5.8000       149.9790     5.8000    149.9790  0        
SW1        TopLayer    5.8000       142.5000     5.8000    142.5000  0        
R138       TopLayer    73.9000      180.5000     73.9000   180.5000  180      
R137       TopLayer    12.3000      162.3000     12.3000   162.3000  0        
R136       TopLayer    44.8000      172.1000     44.8000   172.1000  270      
R135       BottomLayer 44.5000      92.7500      44.5000   92.7500   0        
R134       BottomLayer 44.5000      91.6000      44.5000   91.6000   0        
R133       TopLayer    19.1000      109.4000     19.1000   109.4000  90       
R132       TopLayer    18.2000      109.4000     18.2000   109.4000  90       
R131       TopLayer    58.1000      177.8000     58.1000   177.8000  180      
R130       TopLayer    58.2000      176.9000     58.2000   176.9000  180      
R129       TopLayer    18.9000      129.4000     18.9000   129.4000  90       
R128       TopLayer    18.0000      129.4000     18.0000   129.4000  90       
R127       TopLayer    46.4000      94.7000      46.4000   94.7000   90       
R123       TopLayer    42.1000      93.4000      42.1000   93.4000   90       
LED8       TopLayer    80.0000      86.0000      80.0000   86.0000   0        
LED7       TopLayer    80.0000      84.0000      80.0000   84.0000   0        
E58        TopLayer    36.6750      26.1250      36.6750   26.1250   90       
E57        TopLayer    39.4000      26.1250      39.4000   26.1250   270      
C160       TopLayer    54.4000      115.2000     54.4000   115.2000  0        
C159       TopLayer    53.0000      118.8000     53.0000   118.8000  90       
C158       TopLayer    53.0000      123.0000     53.0000   123.0000  270      
C157       TopLayer    64.8000      119.1000     64.8000   119.1000  90       
C155       BottomLayer 49.3000      170.6000     49.3000   170.6000  0        
RA21       BottomLayer 30.6000      101.2247     30.6000   101.2247  90       
R121       TopLayer    55.8000      131.0000     55.8000   131.0000  270      
R120       TopLayer    56.8000      131.0000     56.8000   131.0000  90       
C150       BottomLayer 22.8000      75.5000      22.8000   75.5000   90       
C149       TopLayer    47.0000      128.1000     47.0000   128.1000  270      
C148       TopLayer    45.0000      128.1000     45.0000   128.1000  270      
R119       TopLayer    45.8000      111.4000     45.8000   111.4000  0        
R113       TopLayer    44.8000      107.8000     44.8000   107.8000  0        
R112       TopLayer    51.3000      109.1000     51.3000   109.1000  270      
L1         TopLayer    49.8000      109.5000     49.8000   109.5000  90       
C142       TopLayer    51.2000      111.0000     51.2000   111.0000  270      
C141       TopLayer    48.2000      111.5000     48.2000   111.5000  270      
E52        BottomLayer 61.7000      45.6000      61.7000   45.6000   180      
E51        BottomLayer 64.2000      45.6000      64.2000   45.6000   180      
C140       TopLayer    50.5000      96.5000      50.5000   96.5000   0        
U14        TopLayer    41.7500      85.8768      41.7500   85.8768   180      
D15        BottomLayer 31.9750      22.5000      31.9750   22.5000   270      
E47        BottomLayer 76.2000      150.6750     76.2000   150.6750  90       
E46        BottomLayer 76.2000      152.8750     76.2000   152.8750  90       
E45        BottomLayer 76.2000      155.0750     76.2000   155.0750  90       
E44        BottomLayer 76.2000      157.2750     76.2000   157.2750  90       
D10        TopLayer    69.1275      121.4500     69.1275   121.4500  180      
R110       BottomLayer 26.0000      60.0000      26.0000   60.0000   180      
R109       BottomLayer 24.5000      58.5000      24.5000   58.5000   270      
Q4         BottomLayer 26.0000      58.5000      26.0000   58.5000   270      
C81        TopLayer    24.1000      59.3000      24.1000   59.3000   270      
C80        TopLayer    17.0000      60.2500      17.0000   60.2500   270      
U25        TopLayer    21.0000      57.5000      21.0000   57.5000   180      
U24        TopLayer    27.2000      57.5000      27.2000   57.5000   180      
C63        BottomLayer 40.3250      36.7000      40.3250   36.7000   90       
D14        TopLayer    22.7000      184.4000     22.7000   184.4000  270      
U11        TopLayer    48.3055      103.1335     48.3055   103.1335  0        
R72        BottomLayer 14.9620      113.9000     14.9620   113.9000  180      
R73        BottomLayer 22.7250      114.3500     22.7250   114.3500  270      
Q10        BottomLayer 20.4651      113.9000     20.4651   113.9000  180      
RA1        BottomLayer 35.0802      101.2247     35.0802   101.2247  90       
U8         TopLayer    42.0001      137.7000     42.0000   137.7000  180      
R104       TopLayer    26.0926      117.3500     26.0926   117.3500  90       
U6         TopLayer    41.6500      174.1500     41.6500   174.1500  180      
U1         TopLayer    42.0000      35.7250      42.0000   35.7250   270      
L5         BottomLayer 38.8000      30.5000      38.8000   30.5000   180      
U23        TopLayer    21.6000      41.3000      21.6000   41.3000   0        
U22        TopLayer    21.5500      46.1100      21.5500   46.1100   0        
U21        TopLayer    29.6000      42.8250      29.6000   42.8250   0        
R71        TopLayer    32.0000      43.8000      32.0000   43.8000   180      
C79        BottomLayer 40.3000      29.9000      40.3000   29.9000   270      
C107       TopLayer    18.4000      46.9000      18.4000   46.9000   270      
C93        TopLayer    18.2500      42.0000      18.2500   42.0000   270      
C91        TopLayer    27.9000      46.8000      27.9000   46.8000   180      
E48        BottomLayer 76.2000      148.4750     76.2000   148.4750  90       
C43        BottomLayer 38.1750      41.4000      38.1750   41.4000   270      
Q3         TopLayer    25.7500      90.7602      25.7500   90.7602   0        
Q2         TopLayer    20.9750      97.3700      20.9750   97.3700   180      
LED6       TopLayer    80.0000      88.0000      80.0000   88.0000   0        
C35        TopLayer    25.2500      93.2700      25.2500   93.2700   90       
C29        TopLayer    48.1000      109.5000     48.1000   109.5000  90       
U17        TopLayer    15.5000      109.7000     15.5000   109.7000  0        
U16        TopLayer    15.7000      122.1000     15.7000   122.1000  0        
TP23       TopLayer    19.3250      67.1000      19.3250   67.1000   180      
TP22       TopLayer    20.6250      67.1250      20.6250   67.1250   180      
TP21       TopLayer    21.9250      67.1250      21.9250   67.1250   180      
TP20       TopLayer    23.8000      66.0000      23.8000   66.0000   180      
TP19       TopLayer    23.2250      67.1250      23.2250   67.1250   180      
TP18       TopLayer    22.6000      66.0000      22.6000   66.0000   180      
TP17       TopLayer    20.0000      66.0000      20.0000   66.0000   180      
TP16       TopLayer    21.2500      66.0000      21.2500   66.0000   180      
TP15       TopLayer    27.6200      65.7950      27.6200   65.7950   180      
TP14       TopLayer    28.9500      64.7000      28.9500   64.7000   90       
TP13       TopLayer    26.7347      66.4814      26.7347   66.4814   90       
TP12       TopLayer    25.5500      65.8000      25.5500   65.8000   90       
TP11       TopLayer    24.8500      64.1250      24.8500   64.1250   180      
R106       TopLayer    12.3000      110.0000     12.3000   110.0000  90       
R105       TopLayer    7.8351       113.7251     7.8351    113.7251  0        
R99        TopLayer    12.7000      112.1000     12.7000   112.1000  0        
R98        TopLayer    8.0740       115.0661     8.0740    115.0661  0        
R97        TopLayer    15.1000      112.1000     15.1000   112.1000  0        
R96        TopLayer    12.3000      121.3250     12.3000   121.3250  90       
R95        TopLayer    7.8351       118.3750     7.8351    118.3750  0        
R94        TopLayer    14.1000      120.3000     14.1000   120.3000  0        
R93        TopLayer    53.6000      32.0000      53.6000   32.0000   0        
R86        BottomLayer 35.3250      42.6000      35.3250   42.6000   0        
R9         TopLayer    31.4000      39.0000      31.4000   39.0000   0        
J41        TopLayer    22.3000      28.0000      22.3000   28.0000   180      
R91        TopLayer    20.7500      91.2602      20.7500   91.2602   90       
R90        TopLayer    19.7500      92.2602      19.7500   92.2602   90       
R81        TopLayer    24.4500      96.8700      24.4500   96.8700   270      
R79        TopLayer    25.4500      96.8700      25.4500   96.8700   90       
R78        TopLayer    24.8000      101.1250     24.8000   101.1250  90       
R77        TopLayer    25.8000      101.1250     25.8000   101.1250  270      
R76        TopLayer    25.8151      110.5250     25.8151   110.5250  270      
R69        TopLayer    26.8151      110.5250     26.8151   110.5250  270      
R20        TopLayer    24.8000      121.9000     24.8000   121.9000  90       
R19        TopLayer    25.8000      121.9000     25.8000   121.9000  90       
R18        TopLayer    25.8151      131.3000     25.8151   131.3000  270      
R10        TopLayer    26.8151      131.3000     26.8151   131.3000  270      
RT2        TopLayer    5.7500       130.6000     5.7500    130.6000  180      
R88        TopLayer    21.8151      110.5250     21.8151   110.5250  90       
J32        BottomLayer 42.0000      11.0000      42.0000   11.0000   180      
U20        TopLayer    50.3500      17.6000      50.3500   17.6000   0        
U19        TopLayer    22.6500      94.0700      22.6500   94.0700   270      
C34        TopLayer    47.0000      109.5000     47.0000   109.5000  90       
RT1        TopLayer    5.7000       101.5000     5.7000    101.5000  180      
R85        TopLayer    24.8151      110.5250     24.8151   110.5250  270      
R84        TopLayer    26.0926      114.6500     26.0926   114.6500  90       
R83        TopLayer    23.3177      114.6500     23.3177   114.6500  90       
R82        TopLayer    22.4427      114.6500     22.4427   114.6500  270      
Q12        TopLayer    24.6926      114.6500     24.6926   114.6500  270      
Q11        TopLayer    19.7499      114.9000     19.7499   114.9000  180      
C31        TopLayer    54.7000      19.2000      54.7000   19.2000   90       
X3         TopLayer    59.3000      112.9000     59.3000   112.9000  180      
U52        TopLayer    43.1000      129.3000     43.1000   129.3000  270      
U18        TopLayer    23.0000      106.4250     23.0000   106.4250  270      
U15        TopLayer    44.8000      92.5000      44.8000   92.5000   0        
U13        TopLayer    21.0000      61.4000      21.0000   61.4000   0        
U12        TopLayer    27.2000      61.4000      27.2000   61.4000   0        
RA20       TopLayer    47.5500      173.5250     47.5500   173.5250  180      
RA19       TopLayer    47.4000      64.0750      47.4000   64.0750   90       
RA18       TopLayer    43.4250      64.0500      43.4250   64.0500   90       
RA17       TopLayer    39.4532      64.0300      39.4532   64.0300   90       
RA16       TopLayer    35.4500      64.0000      35.4500   64.0000   90       
RA15       TopLayer    22.9000      64.5000      22.9000   64.5000   90       
RA14       TopLayer    20.3000      64.5000      20.3000   64.5000   90       
RA13       BottomLayer 26.5500      73.4000      26.5500   73.4000   180      
RA12       BottomLayer 23.3250      72.2250      23.3250   72.2250   180      
RA11       BottomLayer 22.3250      69.1250      22.3250   69.1250   270      
RA10       TopLayer    54.9500      67.7500      54.9500   67.7500   180      
RA9        TopLayer    52.0250      67.7500      52.0250   67.7500   180      
R126       TopLayer    27.6375      64.4500      27.6375   64.4500   90       
R125       TopLayer    26.7500      64.4500      26.7500   64.4500   90       
R124       TopLayer    48.6000      128.4000     48.6000   128.4000  0        
R122       TopLayer    21.8151      131.3000     21.8151   131.3000  90       
R118       TopLayer    65.8000      123.5000     65.8000   123.5000  180      
R116       TopLayer    57.8000      128.2000     57.8000   128.2000  270      
R115       TopLayer    56.8000      128.2000     56.8000   128.2000  270      
R114       TopLayer    55.8000      128.2000     55.8000   128.2000  270      
R111       BottomLayer 26.5500      76.3750      26.5500   76.3750   180      
R107       TopLayer    56.6000      113.5000     56.6000   113.5000  90       
R103       TopLayer    23.3177      117.3500     23.3177   117.3500  90       
R102       TopLayer    22.4427      117.3500     22.4427   117.3500  270      
R101       BottomLayer 22.7250      117.7000     22.7250   117.7000  270      
R100       BottomLayer 14.9620      118.0942     14.9620   118.0942  180      
R92        TopLayer    19.3460      103.4950     19.3460   103.4950  90       
R89        TopLayer    19.3460      105.2290     19.3460   105.2290  270      
R80        BottomLayer 41.4000      30.5000      41.4000   30.5000   90       
R68        BottomLayer 33.8250      83.5250      33.8250   83.5250   90       
R67        BottomLayer 49.2000      82.7250      49.2000   82.7250   90       
R65        BottomLayer 77.0000      88.0000      77.0000   88.0000   0        
R64        BottomLayer 48.0000      34.8000      48.0000   34.8000   180      
R63        BottomLayer 48.0000      33.8000      48.0000   33.8000   180      
R62        BottomLayer 48.0000      32.8000      48.0000   32.8000   180      
R61        BottomLayer 48.0000      31.8000      48.0000   31.8000   180      
R60        BottomLayer 48.0000      35.8000      48.0000   35.8000   180      
R59        BottomLayer 48.0000      36.8000      48.0000   36.8000   180      
R58        BottomLayer 42.1000      41.4000      42.1000   41.4000   0        
R57        TopLayer    24.0500      90.7700      24.0500   90.7700   90       
R56        TopLayer    26.9500      93.0700      26.9500   93.0700   90       
R55        TopLayer    22.6500      97.3700      22.6500   97.3700   270      
R54        TopLayer    25.7500      94.7700      25.7500   94.7700   0        
R53        BottomLayer 53.8500      83.5250      53.8500   83.5250   90       
R52        TopLayer    48.7555      97.9822      48.7555   97.9822   90       
R35        BottomLayer 77.0000      84.0000      77.0000   84.0000   0        
R28        TopLayer    56.3500      175.8750     56.3500   175.8750  270      
Q21        TopLayer    24.6926      117.3500     24.6926   117.3500  270      
Q18        BottomLayer 20.4500      117.3000     20.4500   117.3000  180      
Q1         TopLayer    19.7500      117.7000     19.7500   117.7000  0        
L2         TopLayer    57.2500      38.7500      57.2500   38.7500   0        
J7         TopLayer    6.4300       107.2000     5.4500    107.2000  270      
FL1        TopLayer    14.8000      107.2137     14.8000   107.2137  0        
E42        BottomLayer 49.6000      178.0000     49.6000   178.0000  270      
E41        BottomLayer 52.8000      178.0000     52.8000   178.0000  90       
D12        TopLayer    4.9600       115.0411     4.9600    115.0411  180      
D11        TopLayer    12.7000      105.7000     12.7000   105.7000  0        
D9         TopLayer    77.7000      127.1000     77.7000   127.1000  0        
D8         TopLayer    12.7000      107.4000     12.7000   107.4000  0        
C156       BottomLayer 42.4750      39.0000      42.4750   39.0000   270      
C154       TopLayer    23.8000      101.1250     23.8000   101.1250  90       
C153       TopLayer    19.7000      101.1000     19.7000   101.1000  180      
C152       TopLayer    22.3000      100.6250     22.3000   100.6250  0        
C151       TopLayer    22.3000      101.6250     22.3000   101.6250  180      
C138       TopLayer    43.8203      83.0000      43.8203   83.0000   270      
C137       TopLayer    51.0555      90.6000      51.0555   90.6000   0        
C136       TopLayer    38.3853      83.1090      38.3853   83.1090   270      
C135       TopLayer    41.1000      88.7000      41.1000   88.7000   90       
C134       TopLayer    40.3203      82.0000      40.3203   82.0000   270      
C133       TopLayer    42.6000      83.0000      42.6000   83.0000   270      
C132       TopLayer    42.0000      83.0000      42.0000   83.0000   270      
C131       TopLayer    43.2000      83.0000      43.2000   83.0000   270      
C130       TopLayer    49.8054      90.6000      49.8054   90.6000   180      
C129       BottomLayer 31.7500      85.9000      31.7500   85.9000   0        
C128       BottomLayer 51.7500      85.9000      51.7500   85.9000   0        
C127       TopLayer    44.8000      70.8750      44.8000   70.8750   0        
C126       BottomLayer 46.8000      73.6000      46.8000   73.6000   90       
C125       TopLayer    34.7000      77.8000      34.7000   77.8000   90       
C124       BottomLayer 39.2250      71.6000      39.2250   71.6000   180      
C123       TopLayer    49.3000      77.7000      49.3000   77.7000   90       
C122       TopLayer    49.3000      75.7000      49.3000   75.7000   270      
C121       BottomLayer 36.4250      73.5500      36.4250   73.5500   90       
C120       TopLayer    60.2000      115.1000     60.2000   115.1000  180      
C119       TopLayer    58.2000      115.1000     58.2000   115.1000  0        
C118       TopLayer    41.4000      80.4000      41.4000   80.4000   0        
C117       TopLayer    34.7000      75.8000      34.7000   75.8000   270      
C116       BottomLayer 44.4000      75.2000      44.4000   75.2000   270      
C115       TopLayer    49.3000      72.7000      49.3000   72.7000   270      
C114       TopLayer    45.1000      130.3000     45.1000   130.3000  270      
C113       TopLayer    37.4000      80.4000      37.4000   80.4000   180      
C112       TopLayer    39.4000      80.4000      39.4000   80.4000   0        
C111       TopLayer    24.0000      55.9000      24.0000   55.9000   270      
C110       TopLayer    46.0000      128.1000     46.0000   128.1000  90       
C109       TopLayer    30.6000      59.0000      30.6000   59.0000   90       
C106       TopLayer    43.4000      97.9000      43.4000   97.9000   180      
C105       TopLayer    41.9000      102.3085     41.9000   102.3085  180      
C104       TopLayer    43.4000      96.8000      43.4000   96.8000   180      
C103       TopLayer    47.7555      98.0110      47.7555   98.0110   270      
C102       TopLayer    41.9000      103.3000     41.9000   103.3000  180      
C101       TopLayer    45.3750      108.9000     45.3750   108.9000  180      
C100       TopLayer    42.9000      106.4000     42.9000   106.4000  180      
C99        TopLayer    55.6000      113.5000     55.6000   113.5000  90       
C98        TopLayer    42.9000      105.4835     42.9000   105.4835  180      
C97        TopLayer    52.3000      109.6000     52.3000   109.6000  90       
C96        TopLayer    53.7000      108.1000     53.7000   108.1000  0        
C95        TopLayer    55.7000      108.8000     55.7000   108.8000  0        
C94        TopLayer    20.5000      73.2000      20.5000   73.2000   90       
C92        TopLayer    54.2000      99.1000      54.2000   99.1000   0        
C90        TopLayer    45.3750      110.0000     45.3750   110.0000  180      
C89        TopLayer    53.4000      102.9000     53.4000   102.9000  0        
C88        TopLayer    54.2000      98.0000      54.2000   98.0000   0        
C87        TopLayer    54.2000      106.2000     54.2000   106.2000  0        
C82        TopLayer    50.9000      35.5000      50.9000   35.5000   90       
C78        TopLayer    49.3000      35.5000      49.3000   35.5000   90       
C77        TopLayer    56.2500      34.5000      56.2500   34.5000   180      
C76        BottomLayer 42.8250      36.9000      42.8250   36.9000   90       
C75        BottomLayer 43.5500      34.6750      43.5500   34.6750   270      
C74        BottomLayer 41.2500      34.6500      41.2500   34.6500   270      
C73        BottomLayer 39.0250      34.8250      39.0250   34.8250   180      
C41        BottomLayer 20.8250      73.2250      20.8250   73.2250   90       
C39        BottomLayer 24.0000      74.7000      24.0000   74.7000   90       
C28        TopLayer    21.4926      114.6500     21.4926   114.6500  270      
U10        TopLayer    53.0000      174.0000     53.0000   174.0000  180      
U9         TopLayer    31.2500      174.0000     31.2500   174.0000  180      
J10        TopLayer    77.4700      119.9500     78.4500   119.9500  90       
E35        BottomLayer 14.2000      156.2500     14.2000   156.2500  180      
D6         TopLayer    14.0000      114.5000     14.0000   114.5000  180      
C25        TopLayer    43.1000      181.8000     43.1000   181.8000  180      
J15        TopLayer    67.2000      101.9000     67.2000   101.9000  90       
J6         TopLayer    55.5000      136.0000     55.5000   136.0000  90       
R51        TopLayer    56.5000      104.3000     56.5000   104.3000  270      
R50        TopLayer    56.5000      102.6000     56.5000   102.6000  90       
R49        TopLayer    67.1000      122.5000     67.1000   122.5000  270      
R48        TopLayer    67.1000      120.8000     67.1000   120.8000  90       
R47        TopLayer    65.8000      120.5000     65.8000   120.5000  0        
R46        TopLayer    65.8000      122.5000     65.8000   122.5000  0        
R16        TopLayer    16.5000      120.3000     16.5000   120.3000  0        
R15        TopLayer    72.8000      133.0000     72.8000   133.0000  180      
R7         TopLayer    8.0740       117.0759     8.0740    117.0759  0        
R6         TopLayer    47.0000      91.1000      47.0000   91.1000   270      
R5         TopLayer    63.8000      114.8000     63.8000   114.8000  270      
R4         TopLayer    64.7000      114.8000     64.7000   114.8000  90       
C37        TopLayer    31.2500      171.2000     31.2500   171.2000  180      
X2         TopLayer    38.2000      20.0000      38.2000   20.0000   180      
U3         TopLayer    24.3250      73.7000      24.3250   73.7000   0        
R1         TopLayer    58.8000      128.2000     58.8000   128.2000  270      
U5         BottomLayer 23.1750      52.4000      23.1750   52.4000   0        
J29        TopLayer    67.8000      133.9000     67.8000   133.9000  0        
R45        TopLayer    65.8000      121.5000     65.8000   121.5000  0        
J11        TopLayer    6.4300       125.3000     5.4500    125.3000  270      
E13        TopLayer    45.0750      26.1250      45.0750   26.1250   270      
E12        TopLayer    42.3750      26.1250      42.3750   26.1250   90       
D7         TopLayer    69.1275      119.7501     69.1275   119.7501  180      
D2         TopLayer    12.7000      125.5000     12.7000   125.5000  0        
R43        TopLayer    54.0000      94.8000      54.0000   94.8000   90       
R42        TopLayer    52.6000      94.8000      52.6000   94.8000   90       
R41        TopLayer    50.2000      94.8000      50.2000   94.8000   90       
R11        BottomLayer 27.9750      179.0000     27.9750   179.0000  270      
J13        TopLayer    77.9873      133.0127     78.0000   133.0000  90       
C14        BottomLayer 42.8000      30.3000      42.8000   30.3000   180      
C15        BottomLayer 37.4000      29.0000      37.4000   29.0000   270      
TP8        TopLayer    73.0000      187.0000     73.0000   187.0000  0        
TP10       TopLayer    73.0000      183.0000     73.0000   183.0000  0        
R32        TopLayer    3.2000       133.3000     3.2000    133.3000  180      
R34        TopLayer    7.1000       133.3000     7.1000    133.3000  180      
LED1       TopLayer    2.7000       135.3000     2.7000    135.3000  270      
LED2       TopLayer    6.6000       135.3000     6.6000    135.3000  270      
C72        TopLayer    33.0000      178.5000     33.0000   178.5000  180      
C71        TopLayer    55.3000      178.2000     55.3000   178.2000  180      
U2         TopLayer    42.0000      75.6000      42.0000   75.6000   90       
RA2        TopLayer    43.2500      67.7500      43.2500   67.7500   180      
RA3        TopLayer    37.4000      67.7500      37.4000   67.7500   180      
C32        TopLayer    46.5000      80.4000      46.5000   80.4000   0        
C33        TopLayer    44.5000      80.4000      44.5000   80.4000   180      
X1         TopLayer    43.7450      19.7550      43.7450   19.7550   180      
J8         TopLayer    60.0000      136.0000     60.0000   136.0000  90       
J9         TopLayer    51.0000      136.0000     51.0000   136.0000  90       
C44        BottomLayer 38.6000      39.3000      38.6000   39.3000   0        
U4         TopLayer    23.0000      127.2000     23.0000   127.2000  270      
TP3        TopLayer    57.3000      27.7000      57.3000   27.7000   0        
TP1        TopLayer    57.3100      23.9800      57.3100   23.9800   0        
TP2        TopLayer    67.4900      27.6950      67.4900   27.6950   180      
TP4        TopLayer    67.4900      23.8850      67.4900   23.8850   180      
R3         TopLayer    53.0750      25.8000      52.7000   25.8000   0        
R2         TopLayer    63.3750      25.7000      63.0000   25.7000   0        
R27        TopLayer    44.7750      139.8676     44.7750   139.8676  0        
R30        BottomLayer 77.0000      86.0000      77.0000   86.0000   0        
R29        TopLayer    45.6500      137.2000     45.6500   137.2000  270      
R36        TopLayer    39.0000      137.7000     39.0000   137.7000  90       
D5         TopLayer    4.9600       117.1009     4.9600    117.1009  180      
D4         TopLayer    14.0000      118.1000     14.0000   118.1000  180      
C2         TopLayer    22.3000      122.4000     22.3000   122.4000  0        
C18        TopLayer    22.3000      121.4000     22.3000   121.4000  180      
C11        TopLayer    34.0000      34.8314      34.0000   34.8314   270      
C8         BottomLayer 30.2000      33.4000      30.2000   33.4000   0        
C9         BottomLayer 33.6000      38.8000      33.6000   38.8000   270      
C10        BottomLayer 32.5000      38.8000      32.5000   38.8000   90       
C13        BottomLayer 43.5750      39.0000      43.5750   39.0000   270      
C7         BottomLayer 45.8500      34.4000      45.8500   34.4000   180      
C6         BottomLayer 45.8250      35.5000      45.8250   35.5000   180      
C3         BottomLayer 43.7250      32.6500      43.7250   32.6500   90       
C1         BottomLayer 44.8250      32.6500      44.8250   32.6500   90       
C4         BottomLayer 45.9250      32.6500      45.9250   32.6500   90       
C5         BottomLayer 45.3250      38.1500      45.3250   38.1500   180      
C12        BottomLayer 41.3750      39.0000      41.3750   39.0000   270      
C17        BottomLayer 45.3250      39.2500      45.3250   39.2500   180      
C16        BottomLayer 42.8000      29.2000      42.8000   29.2000   180      
C20        BottomLayer 36.3000      29.0000      36.3000   29.0000   270      
C65        TopLayer    43.1000      135.5426     43.1000   135.5426  0        
C62        TopLayer    44.5000      137.3926     44.5000   137.3926  90       
C67        TopLayer    39.8000      139.8676     39.8000   139.8676  180      
C64        TopLayer    40.7500      133.5426     40.7500   133.5426  180      
C55        BottomLayer 38.7250      35.9500      38.7250   35.9500   180      
LED5       TopLayer    66.8000      125.3000     66.8000   125.3000  0        
X4         TopLayer    54.1000      110.8000     54.1000   110.8000  180      
D1         TopLayer    12.7000      123.8000     12.7000   123.8000  0        
SW3        TopLayer    5.8000       158.8999     5.8000    158.8999  0        
RA5        TopLayer    34.4750      67.7500      34.4750   67.7500   180      
RA6        TopLayer    40.3250      67.7500      40.3250   67.7500   180      
RA7        TopLayer    49.1000      67.7500      49.1000   67.7500   180      
RA4        TopLayer    31.5500      67.7500      31.5500   67.7500   180      
R12        TopLayer    19.3460      126.0040     19.3460   126.0040  270      
R14        BottomLayer 48.1250      39.5500      48.1250   39.5500   0        
R13        TopLayer    47.3000      94.7000      47.3000   94.7000   90       
R8         TopLayer    24.8151      131.3000     24.8151   131.3000  270      
R26        TopLayer    50.0000      175.5750     50.0000   175.5750  180      
R25        BottomLayer 30.0000      178.9750     30.0000   178.9750  270      
R17        TopLayer    19.3460      124.2700     19.3460   124.2700  90       
J25        TopLayer    72.3925      171.4000     74.6000   171.4000  270      
J23        TopLayer    66.1300      149.4500     66.1300   149.4500  270      
J19        TopLayer    17.8700      146.9100     17.8700   146.9100  90       
J18        TopLayer    17.8700      167.2300     17.8700   167.2300  90       
J16        TopLayer    27.8000      136.8000     27.8000   136.8000  270      
C36        BottomLayer 19.9000      51.5500      19.9000   51.5500   90       
C45        BottomLayer 38.6000      38.2000      38.6000   38.2000   0        
C27        TopLayer    19.8000      121.9000     19.8000   121.9000  180      
C47        BottomLayer 38.6000      37.1000      38.6000   37.1000   0        
C42        TopLayer    55.3000      173.5000     55.3000   173.5000  270      
C40        TopLayer    41.6500      171.3500     41.6500   171.3500  180      
C26        TopLayer    21.4926      117.3500     21.4926   117.3500  270      
C30        TopLayer    23.8000      121.9000     23.8000   121.9000  90       
C46        BottomLayer 40.2250      39.0750      40.2250   39.0750   270      
C38        BottomLayer 26.3250      70.2000      26.3250   70.2000   0        
C58        BottomLayer 41.1000      32.6250      41.1000   32.6250   0        
C52        BottomLayer 39.0250      33.7250      39.0250   33.7250   180      
C54        BottomLayer 39.0500      32.6250      39.0500   32.6250   180      
C70        TopLayer    73.0874      162.3941     73.0874   162.3941  180      
E14        BottomLayer 77.3000      173.4000     77.3000   173.4000  270      
C68        TopLayer    13.3000      156.2000     13.3000   156.2000  90       
FL2        TopLayer    16.8000      125.3000     16.8000   125.3000  0        
C53        BottomLayer 42.4500      34.6500      42.4500   34.6500   270      
C49        TopLayer    28.4000      38.7000      28.4000   38.7000   270      
C61        TopLayer    40.7500      135.5426     40.7500   135.5426  180      
C60        TopLayer    40.7500      134.5426     40.7500   134.5426  0        
C66        TopLayer    43.1000      134.5301     43.1000   134.5301  180      
C19        BottomLayer 34.9000      23.1250      34.9000   23.1250   0        
C21        TopLayer    45.2560      22.4568      45.2560   22.4568   180      
C24        TopLayer    41.9174      22.4796      41.9174   22.4796   0        
C23        TopLayer    39.1000      21.9000      39.1000   21.9000   180      
C22        TopLayer    37.0000      21.9000      37.0000   21.9000   0        
C69        TopLayer    11.0000      180.3000     11.0000   180.3000  0        
C59        BottomLayer 44.4500      36.5750      44.4500   36.5750   0        
C50        BottomLayer 41.7000      36.9000      41.7000   36.9000   90       
D3         TopLayer    72.6000      126.8000     72.6000   126.8000  0        
E10        BottomLayer 77.3000      177.8000     77.3000   177.8000  270      
J1         TopLayer    74.3900      51.0400      74.3900   51.0400   270      
J26        TopLayer    11.6075      171.3000     9.4000    171.3000  90       
J24        TopLayer    66.1300      173.8340     66.1300   173.8340  270      
J20        TopLayer    78.0000      149.7000     78.0000   149.7000  90       
LED4       TopLayer    36.6000      125.2000     36.6000   125.2000  180      
LED3       TopLayer    10.9000      135.3000     10.9000   135.3000  270      
R24        TopLayer    37.7500      129.4000     37.7500   129.4000  0        
R39        TopLayer    13.3000      142.5000     13.3000   142.5000  90       
R33        TopLayer    12.2000      134.6000     12.2000   134.6000  90       
R40        TopLayer    13.3000      149.9787     13.3000   149.9787  90       
R31        TopLayer    16.5000      135.3000     16.5000   135.3000  270      
R38        TopLayer    14.4460      156.2000     14.4460   156.2000  270      
R37        TopLayer    29.9000      136.7000     29.9000   136.7000  180      
R117       TopLayer    60.8000      128.2000     60.8000   128.2000  270      
RA8        TopLayer    46.1750      67.7500      46.1750   67.7500   180      
TP7        TopLayer    11.0000      183.0000     11.0000   183.0000  0        
TP9        TopLayer    11.0000      187.0000     11.0000   187.0000  0        
U7         TopLayer    58.8000      121.0000     58.8000   121.0000  90       
C56        TopLayer    59.8000      128.2000     59.8000   128.2000  270      
C57        TopLayer    53.0000      120.9000     53.0000   120.9000  90       
C51        TopLayer    61.9000      114.8000     61.9000   114.8000  90       
C48        BottomLayer 32.5000      42.6000      32.5000   42.6000   90       
R44        TopLayer    69.1000      124.6000     69.1000   124.6000  0        
R21        TopLayer    14.7000      124.9000     14.7000   124.9000  180      
R22        TopLayer    14.7000      125.8000     14.7000   125.8000  180      
